#! /usr/bin/perl

# ----------------------------------------------------------------------
# doForRunList
# ============
#
# Usage: ./doForRunList -c "command" -p mid.lz4 -r 6234,6235,6236
#
# Options: -c command to be run on all files matching a runnumber
#          -p pattern pattern to match. If this is missing, the loop is only controlled via -r!!
#          -r runlist runlist to get files from
#
# Examples: ~/mu3e/mu3eanca/perl/doForRunList -p root -c "ls -l XXX" -r "6301,6300,6299"
#           ../../perl/doForRunList -c "./bin/pixelFillQualityLM -j /data/project/mu3e/cdb -i datav6.2=2025Beam 
#           -g datav6.3=2025V0 -r ./MidasMeta2025Data.root 
#           -f /data/project/mu3e/data/2025/mlzr/250819/009/merged-dqm_histos_0XXX.root" -r "9408"
#
# History 2025/06/26 first shot
#         2025/07/03 Allow running without -p 
#
# ----------------------------------------------------------------------
# Send all questions, wishes and complaints to the 
# 
# Author    Urs Langenegger <urslangenegger@gmail.com>
# ----------------------------------------------------------------------

use Getopt::Std;

getopts('c:dr:p:');

if ($opt_c eq "") {
  $opt_c = "echo";
}

my @runlist;
if ($opt_r =~ /\,/) {
  @runlist = split(/,/, $opt_r);
} elsif ($opt_r eq "cosmics9k-1") {
  # -- 360 runs in cr9k
  @runlist = (
  9361,9360,9359,9358,9357,9356,9355,9354,9353,9352,9351,9350,9349,9348,9347,
  9346,9345,9344,9343,9342,9341,9340,9339,9338,9337,9336,9335,9334,9333,9332,
  9331,9330,9329,9328,9327,9326,9325,9324,9323,9322,9321,9320,9319,9318,9317,
  9316,9315,9314,9313,9312,9311,9310,9309,9308,9307,9306,9305,9304,9303,9302,
  9301,9300,9298,9297,9296,9295,9294,9293,9292,9291,9290,9289,9288,9287,9286,
  9285,9284,9283,9282,9281,9280,9279,9278,9277,9276,9275,9274,9273,9272,9271,
  9270,9269,9268,9267,9266,9265,9264,9263,9262,9261,9260,9259,9258,9257,9256,
  9255,9254,9253,9252,9251,9250,9249,9248,9246,9245,9244,9243,9242,9241,9240,
  9239,9238,9237,9236,9235,9234,9233,9232,9231,9230,9229,9228,9227,9226,9225,
  9224,9223,9222,9221,9220,9219,9218,9217,9216,9215,9214,9213,9212,9211,9210,
  9209,9208,9207,9206,9205,9204,9203,9202,9201,9200,9199,9198,9197,9196,9195,
  9194,9193,9192,9191,9190,9189,9188,9187,9186,9185,9184,9183,9182,9181,9180
  );
} elsif ($opt_r eq "cosmics9k-2") {
  @runList = (
  9179,9178,9177,9176,9175,9174,9173,9172,9171,9170,9169,9168,9167,9166,9165,
  9164,9163,9162,9161,9160,9159,9158,9157,9156,9155,9154,9153,9152,9151,9150,
  9149,9148,9147,9146,9145,9144,9143,9142,9141,9140,9139,9138,9137,9136,9135,
  9134,9133,9132,9131,9130,9129,9128,9127,9126,9125,9124,9123,9122,9121,9120,
  9119,9118,9117,9116,9115,9114,9113,9112,9111,9110,9109,9108,9107,9106,9105,
  9104,9103,9102,9101,9100,9099,9098,9097,9096,9095,9094,9093,9092,9091,9090,
  9089,9088,9087,9086,9085,9084,9083,9082,9081,9080,9079,9078,9077,9076,9075,
  9074,9073,9072,9071,9070,9069,9068,9067,9066,9065,9064,9063,9062,9061,9060,
  9059,9058,9057,9056,9055,9054,9053,9052,9051,9050,9049,9048,9047,9046,9045,
  9044,9043,9042,9041,9040,9039,9038,9037,9036,9035,9034,9033,9032,9031,9030,
  9029,9028,9027,9026,9025,9024,9023,9022,9021,9020,9019,9018,9017,9016,9015,
  9014,9013,9012,9011,9010,9009,9008,9007,9006,9005,9004,9003,9002,9001,9000
  );
} elsif ($opt_r eq "cosmics8k-1") {
  # -- 999 runs in cr8k
  @runList = (
  8999,8998,8997,8996,8995,8994,8993,8992,8991,8990,8989,8988,8987,8986,8985,
  8984,8983,8982,8981,8980,8979,8978,8977,8976,8975,8974,8973,8972,8971,8970,
  8969,8968,8967,8966,8965,8964,8963,8962,8961,8960,8959,8958,8957,8956,8955,
  8954,8953,8952,8951,8950,8949,8948,8947,8946,8945,8944,8943,8942,8941,8940,
  8939,8938,8937,8936,8935,8934,8933,8932,8931,8930,8929,8928,8927,8926,8925,
  8924,8923,8922,8921,8920,8919,8918,8917,8916,8915,8914,8913,8912,8911,8910,
  8909,8908,8907,8906,8905,8904,8903,8902,8901,8900,8899,8898,8897,8896,8895,
  8894,8893,8892,8891,8890,8889,8888,8887,8886,8885,8884,8883,8882,8881,8880,
  8879,8878,8877,8876,8875,8874,8873,8872,8871,8870,8869,8868,8867,8866,8865,
  8864,8863,8862,8861,8860,8859,8858,8857,8856,8855,8854,8853,8852,8851,8850,
  8849,8848,8847,8846,8845,8844,8843,8842,8841,8840,8839,8838,8837,8836,8835,
  8834,8833,8832,8831,8830,8829,8828,8827,8826,8825,8824,8823,8822,8821,8820,
  8819,8818,8817,8816,8815,8814,8813,8812,8811,8810,8809,8808,8807,8806,8805
  );
} elsif ($opt_r eq "cosmics8k-2") {
  @runList = (
  8804,8803,8802,8801,8800,8799,8798,8797,8796,8795,8794,8793,8792,8791,8790,
  8789,8788,8787,8786,8785,8784,8783,8782,8781,8780,8779,8778,8777,8776,8775,
  8774,8773,8772,8771,8770,8769,8768,8767,8766,8765,8764,8763,8762,8761,8760,
  8759,8758,8757,8756,8755,8754,8753,8752,8751,8750,8749,8748,8747,8746,8745,
  8744,8743,8742,8741,8740,8739,8738,8737,8736,8735,8734,8733,8732,8731,8730,
  8729,8728,8727,8726,8725,8724,8723,8722,8721,8720,8719,8718,8717,8716,8715,
  8714,8713,8712,8711,8710,8709,8708,8707,8706,8705,8704,8703,8702,8701,8700,
  8699,8698,8697,8696,8695,8694,8693,8692,8691,8690,8689,8688,8687,8686,8685,
  8684,8683,8682,8681,8680,8679,8678,8677,8676,8675,8674,8673,8672,8671,8670,
  8669,8668,8667,8666,8665,8664,8663,8662,8661,8660,8659,8658,8657,8656,8655,
  8654,8653,8652,8651,8650,8649,8648,8647,8646,8645,8644,8643,8642,8641,8640,
  8639,8638,8637,8636,8635,8634,8633,8632,8631,8630,8629,8628,8627,8626,8625,
  8624,8623,8622,8621,8620,8619,8618,8617,8616,8615,8614,8613,8612,8611,8610
  );
} elsif ($opt_r eq "cosmics8k-3") {
  @runList = (
  8609,8608,8607,8606,8605,8604,8603,8602,8601,8600,8599,8598,8597,8596,8595,
  8594,8593,8592,8591,8590,8589,8588,8587,8586,8585,8584,8583,8582,8581,8580,
  8579,8578,8577,8576,8575,8574,8573,8572,8571,8570,8569,8568,8567,8566,8565,
  8564,8563,8562,8561,8560,8559,8558,8557,8556,8555,8554,8553,8552,8551,8550,
  8549,8548,8547,8546,8545,8544,8543,8542,8541,8540,8539,8538,8537,8536,8535,
  8534,8533,8532,8531,8530,8529,8528,8527,8526,8525,8524,8523,8522,8521,8520,
  8519,8518,8517,8516,8515,8514,8513,8512,8511,8510,8509,8508,8507,8506,8505,
  8504,8503,8502,8501,8500,8499,8498,8497,8496,8495,8494,8493,8492,8491,8490,
  8489,8488,8487,8486,8485,8484,8483,8482,8481,8480,8479,8478,8477,8476,8475,
  8474,8473,8472,8471,8470,8469,8468,8467,8466,8465,8464,8463,8462,8461,8460,
  8459,8458,8457,8456,8455,8454,8453,8452,8451,8450,8449,8448,8447,8446,8445,
  8444,8443,8442,8441,8440,8439,8438,8436,8435,8434,8433,8432,8431,8430,8429,
  8428,8427,8426,8425,8424,8423,8422,8421,8420,8419,8418,8417,8416,8415,8414,
  8413,8412,8411,8410,8409,8408,8407,8406,8405,8404,8403,8402,8401,8400,8399
  );  
} elsif ($opt_r eq "cosmics8k-4") {
  @runList = (
  8398,8397,8396,8395,8394,8393,8392,8391,8390,8389,8388,8387,8386,8385,8384,
  8383,8382,8381,8380,8379,8378,8377,8376,8375,8374,8373,8372,8371,8370,8369,
  8368,8367,8366,8365,8364,8363,8362,8361,8360,8359,8358,8357,8356,8355,8354,
  8353,8352,8351,8350,8349,8348,8347,8346,8345,8344,8343,8342,8341,8340,8339,
  8338,8337,8336,8335,8334,8333,8332,8331,8330,8329,8328,8327,8326,8325,8324,
  8323,8322,8321,8320,8319,8318,8317,8316,8315,8314,8313,8312,8311,8310,8309,
  8308,8307,8306,8305,8304,8303,8302,8301,8300,8299,8298,8297,8296,8295,8294,
  8293,8292,8291,8290,8289,8288,8287,8286,8285,8284,8283,8282,8281,8280,8279,
  8278,8277,8276,8275,8274,8273,8272,8271,8270,8269,8268,8267,8266,8265,8264,
  8263,8262,8261,8260,8259,8258,8257,8256,8255,8254,8253,8252,8251,8250,8249,
  8248,8247,8246,8245,8244,8243,8242,8241,8240,8239,8238,8237,8236,8235,8234,
  8233,8232,8231,8230,8229,8228,8227,8226,8225,8224,8223,8222,8221,8220,8219,
  8218,8217,8216,8215,8214,8213,8212,8211,8210,8209,8208,8207,8206,8205,8204
  );
} elsif ($opt_r eq "cosmics8k-5") {
  @runList = (
  8203,8202,8201,8200,8199,8198,8197,8196,8195,8194,8193,8192,8191,8190,8189,
  8188,8187,8186,8185,8184,8183,8182,8181,8180,8179,8178,8177,8176,8175,8174,
  8173,8172,8171,8170,8169,8168,8167,8166,8165,8164,8163,8162,8161,8160,8159,
  8158,8157,8156,8155,8154,8153,8152,8151,8150,8149,8148,8147,8146,8145,8144,
  8143,8142,8141,8140,8139,8138,8137,8136,8135,8134,8133,8132,8131,8130,8129,
  8128,8127,8126,8125,8124,8123,8122,8121,8120,8119,8118,8117,8116,8115,8114,
  8113,8112,8111,8110,8109,8108,8107,8106,8105,8104,8103,8102,8101,8100,8099,
  8098,8097,8096,8095,8094,8093,8092,8091,8090,8089,8088,8087,8086,8085,8084,
  8083,8082,8081,8080,8079,8078,8077,8076,8075,8074,8073,8072,8071,8070,8069,
  8068,8067,8066,8065,8064,8063,8062,8061,8060,8059,8058,8057,8056,8055,8054,
  8053,8052,8051,8050,8049,8048,8044,8043,8042,8041,8040,8039,
  8038,8037,8036,8035,8034,8033,8032,8031,8030,8029,8028,8027,8026,8025,8024,
  8023,8022,8021,8020,8019,8018,8017,8016,8015,8014,8013,8012,8011,8010,8009,
  8008,8007,8006,8005,8004,8003,8002,8001,8000
  );
} elsif ($opt_r eq "cosmics7k-1") {
  # -- 888 runs in cr7k
  @runList = (
  7999,7998,7997,7996,7995,7994,7993,7992,7991,7990,7989,7988,7987,7986,7985,
  7984,7983,7982,7981,7980,7979,7978,7977,7976,7975,7974,7973,7972,7971,7970,
  7969,7968,7967,7966,7965,7964,7963,7962,7961,7960,7959,7958,7957,7956,7955,
  7954,7953,7952,7951,7950,7949,7948,7947,7946,7945,7944,7943,7942,7941,7940,
  7939,7938,7937,7936,7935,7934,7933,7932,7931,7930,7929,7928,7927,7926,7925,
  7924,7923,7922,7921,7920,7919,7918,7917,7916,7915,7914,7913,7912,7911,7910,
  7909,7908,7907,7906,7905,7904,7903,7902,7901,7900,7899,7898,7897,7896,7895,
  7894,7893,7892,7891,7890,7889,7888,7887,7886,7885,7884,7883,7882,7881,7880,
  7879,7878,7877,7876,7875,7874,7873,7872,7871,7870,7869,7868,7867,7866,7865,
  7864,7863,7862,7861,7860,7859,7858,7857,7856,7855,7854,7853,7852,7851,7850,
  7849,7848,7847,7846,7845,7844,7843,7842,7841,7840,7839,7838,7837,7836,7835,
  7834,7833,7832,7831,7830,7829,7828,7827,7826,7825,7824,7823,7822,7821,7820,
  7819,7818,7817,7816,7815,7814,7813,7812,7811,7810,7809,7808,7807,7806,7805
  );
} elsif ($opt_r eq "cosmics7k-2") {
  @runList = (
  7804,7803,7802,7801,7800,7799,7798,7797,7796,7795,7794,7793,7792,7791,7790,
  7789,7788,7787,7786,7785,7784,7783,7782,7781,7780,7779,7778,7777,7776,7775,
  7774,7773,7772,7771,7770,7769,7768,7767,7766,7765,7764,7763,7762,7761,7760,
  7759,7758,7757,7756,7755,7754,7753,7752,7751,7750,7749,7748,7747,7746,7745,
  7744,7743,7742,7741,7740,7739,7738,7737,7736,7735,7734,7733,7732,7731,7730,
  7729,7728,7727,7726,7725,7724,7723,7722,7721,7720,7719,7718,7717,7716,7715,
  7714,7713,7712,7711,7710,7709,7708,7707,7706,7705,7704,7703,7702,7701,7700,
  7699,7698,7697,7696,7695,7694,7693,7692,7691,7690,7689,7688,7687,7686,7685,
  7684,7683,7682,7681,7680,7679,7678,7677,7676,7675,7674,7673,7672,7671,7670,
  7669,7668,7667,7666,7665,7664,7663,7662,7661,7660,7659,7658,7657,7656,7655,
  7654,7653,7652,7651,7650,7649,7648,7647,7646,7645,7644,7643,7642,7641,7640,
  7639,7638,7637,7636,7635,7634,7633,7632,7631,7630,7629,7628,7627,7626,7625,
  7624,7623,7622,7621,7620,7619,7618,7617,7616,7615,7614,7613,7612,7611,7610,
  7609,7608,7607,7606,7605,7604,7603,7602,7601,7600,7599,7598,7597,7596,7595
  );
} elsif ($opt_r eq "cosmics7k-3") {
  @runList = (
  7594,7593,7592,7591,7590,7589,7588,7587,7586,7585,7584,7583,7582,7581,7580,
  7579,7578,7577,7576,7575,7574,7573,7572,7571,7570,7569,7568,7567,7566,7565,
  7564,7563,7562,7561,7560,7559,7558,7557,7556,7555,7554,7553,7552,7551,7550,
  7549,7548,7547,7546,7545,7544,7543,7542,7541,7540,7539,7538,7537,7536,7535,
  7534,7533,7532,7531,7530,7529,7528,7527,7526,7525,7524,7523,7522,7521,7520,
  7519,7518,7517,7516,7515,7514,7513,7512,7511,7510,7509,7508,7507,7506,7505,
  7504,7503,7502,7501,7500,7499,7498,7497,7496,7495,7494,7493,7492,7491,7490,
  7489,7488,7487,7486,7485,7484,7483,7482,7481,7480,7479,7478,7477,7476,7475,
  7474,7473,7472,7471,7470,7469,7468,7467,7466,7465,7464,7463,7462,7461,7460,
  7459,7458,7457,7456,7455,7454,7453,7452,7451,7450,7449,7448,7447,7446,7445,
  7444,7443,7442,7441,7440,7439,7438,7437,7436,7435,7434,7433,7432,7431,7430,
  7429,7428,7427,7426,7425,7424,7423,7422,7421,7420,7419,7418,7417,7416,7415,
  7414,7413,7412,7411,7410,7409,7408,7407,7406,7405,7404,7403,7402,7401,7400
  );
} elsif ($opt_r eq "cosmics7k-4") {
  @runList = (
  7399,7398,7397,7396,7395,7394,7393,7392,7391,7390,7389,7388,7387,7386,7385,
  7384,7383,7382,7381,7380,7379,7378,7377,7376,7375,7374,7373,7372,7371,7370,
  7369,7368,7367,7366,7365,7364,7363,7362,7361,7360,7359,7358,7357,7356,7355,
  7354,7353,7352,7351,7350,7349,7348,7347,7346,7345,7344,7343,7342,7341,7340,
  7339,7338,7337,7336,7335,7334,7333,7332,7331,7330,7329,7328,7327,7326,7325,
  7324,7323,7322,7321,7320,7319,7318,7317,7316,7315,7314,7313,7312,7311,7310,
  7309,7308,7307,7306,7305,7304,7303,7302,7301,7300,7299,7298,7297,7296,7295,
  7294,7293,7292,7291,7290,7289,7288,7287,7286,7285,7284,7283,7282,7281,7280,
  7279,7278,7277,7276,7275,7274,7273,7272,7271,7270,7269,7268,7267,7266,7265,
  7264,7263,7262,7261,7260,7259,7258,7257,7256,7255,7254,7253,7252,7251,7250,
  7249,7248,7247,7246,7245,7244,7243,7242,7241,7240,7239,7238,7237,7236,7235,
  7234,7233,7232,7231,7230,7229,7228,7227,7226,7225,7224,7223,7222,7221,7220,
  7219,7218,7217,7216,7215,7214,7213,7212,7211,7210,7209,7208,7207,7206,7205
  );
} elsif ($opt_r eq "cosmics7k-5") {
  @runList = (
  7204,7203,7202,7201,7200,7199,7198,7197,7196,7195,7194,7193,7192,7191,7190,
  7189,7188,7187,7186,7185,7184,7183,7182,7181,7180,7179,7178,7142,7141,7140,
  7139,7138,7137,7136,7135,7134,7133,7132,7131,7130,7129,7128,7127,7126,7125,
  7124,7123,7122,7121,7120,7119,7118,7117,7116,7115,7114,7113,7112,7111,7110,
  7109,7108,7107,7106,7105,7104,7103,7102,7101,7100,7099,7098,7097,7096,7095,
  7094,7093,7092,7091,7090,7089,7088,7087,7086,7085,7084,7083,7082,7081,7080,
  7079,7078,7077
  );
} elsif ($opt_r eq "cosmics6k-1") {
  # -- 281 runs in cr6k
  @runList = (
  6888,6887,6886,6885,6884,6883,6882,6881,6880,6879,6878,6877,6876,6875,6874,
  6873,6872,6871,6870,6869,6868,6867,6866,6865,6864,6863,6862,6861,6860,6859,
  6858,6857,6856,6855,6854,6853,6852,6851,6850,6849,6848,6847,6846,6845,6844,
  6843,6842,6841,6840,6839,6838,6837,6836,6835,6834,6833,6832,6831,6830,6829,
  6828,6827,6826,6825,6824,6823,6822,6821,6820,6819,6818,6817,6816,6815,6814,
  6813,6812,6811,6810,6809,6808,6807,6806,6805,6804,6803,6802,6801,6800,6799,
  6798,6797,6796,6795,6794,6793,6792,6791,6790,6789,6788,6787,6786,6785,6784,
  6783,6782,6781,6780,6779,6778,6777,6776,6775,6774,6773,6772,6771,6770,6769,
  6768,6767,6766,6765,6764,6763,6762,6761,6760,6759,6755,6754,6752,6751,6750
  );
} elsif ($opt_r eq "cosmics6k-2") {
  @runList = (
  6749,6748,6747,6746,6745,6744,6743,6742,6741,6740,6739,6738,6737,6736,6735,
  6734,6733,6732,6731,6730,6729,6728,6727,6726,6725,6724,6723,6722,6721,6720,
  6719,6718,6717,6716,6715,6714,6713,6712,6711,6710,6709,6708,6707,6706,6705,
  6704,6703,6702,6701,6700,6699,6698,6697,6695,6694,6693,6692,6691,6690,6689,
  6688,6687,6686,6685,6684,6683,6682,6681,6680,6679,6678,6677,6676,6675,6674,
  6673,6672,6671,6670,6669,6668,6667,6666,6665,6664,6663,6662,6661,6660,6659,
  6658,6657,6656,6655,6654,6653,6652,6651,6650,6649,6648,6647,6646,6645,6644,
  6643,6642,6641,6640,6639,6638,6637,6636,6635,6634,6633,6632,6631,6630,6629,
  6628,6627,6626,6625,6624,6623,6622,6621,6620,6619,6618,6617,6616,6615,6614,
  6613,6612,6611,6610,6609,6608,6607,6606,6605,6604,6603
  );
} elsif ($opt_r eq "beam-0") {
  @runList = (
  6300,6299,6298,6297,6296,6295,6294,6293,6292,6291,6290,6289,6288,
  6287,6286,6285,6284,6283,6282,6281,6280,6279,6278,6277,6276,6275,6274,
  6273,6272,6271,6270,6269,6268,6267,6266,6265,6264,6263,6262,6261,6260,
  6259,6258,6257,6256,6255,6254,6253,6252,6244,6243,6242,6241,6240,6239,
  6238,6237,6236,6235,6234,6233,6232,6231,6230,6229,6228,6227,6226,6225,
  6224,6223,6222,6221,6220,6219,6218,6217,6216,6215,6214,6213,6212,6211,
  6210,6209,6208,6207,6206,6205,6204,6203,6202,6201,6200,6199,6198,6197,
  6196,6195,6194,6193,6192,6191,6190,6189,6188,6187,6186,6185,6184,6183,
  6182,6181,6180,6179,6178,6177,6176,6175,6174,6173,6172,6171,6170,6169
  );
} elsif ($opt_r eq "beam-1") {
  @runList = (
  6166,6165,6164,6163,6162,6161,6160,6159,6158,6157,6116,6115,6114,6113,
  6112,6111,6110,6109,6108,6107,6106,6105,6104,6103,6102,6101,6100,6099,
  6098,6097,6096,6095,6094,6093,6092,6091,6090,6089,6088,6087,6086,6085,
  6084,6083,6082,6081,6080,6079,6078,6077,6076,6075,6074,6073,6072,6071,
  6070,6069,6068,6067,6066,6065,6064,6063,6062,6061,6060,6059,6058,6057,
  6056,6055,6054,6053,6052,6051,6050,6049,6048,6047,6046,6040,6039,6038,
  6037,6036,6035,6034,6033,6032,6031,6030,6029,6028,6027,6026,6025,6024,
  6023,6022,6021,6020,6019,6018,6017,6016,6015,6014,6013,6012,6011,6010,
  6009,6008,6007,6006,6005,6004,6003,6002,6001,6000
  );
} elsif ($opt_r eq "beam-2") {
  @runList = (
  5999,5998,5997,5996,5995,5994,5993,5992,5991,5990,5989,5988,5987,5986,
  5985,5984,5983,5982,5981,5980,5979,5978,5977,5976,5975,5974,5973,5972,
  5971,5970,5969,5968,5967,5966,5965,5964,5963,5962,5961,5960,5959,5958,
  5957,5956,5955,5954,5953,5952,5950,5949,5948,5947,5946,5945,5944,5943,
  5942,5941,5940,5939,5938,5937,5936,5935,5934,5933,5932,5931,5930,5929,
  5928,5927,5926,5925,5924,5923,5922,5921,5920,5919,5918,5917,5916,5915,
  5914,5913,5912,5911,5910,5909,5908,5907,5906,5905,5904,5903,5902,5901
  );
} elsif ($opt_r eq "beam-3") {
  @runList = (
  5844,5843,5842,5841,5840,5839,5838,5837,5836,5835,5813,5812,5811,5810,
  5809,5808,5807,5806,5805,5804,5803,5802,5801,5800,5799,5798,5797,5796,
  5795,5794,5793,5792,5791,5790,5789,5788,5787,5786,5785,5784,5783,5782,
  5781,5780,5779,5778,5777,5776,5775,5774,5773,5772,5771,5770,5769,5768,
  5767,5766,5765,5764,5763,5762,5761,5760,5759,5758,5757,5756,5755,5754,
  5753,5752,5751,5750,5749,5748,5747,5746,5745,5739,5738,5737,5736,5735,
  5734,5733,5732,5731,5730,5729,5728,5727,5726,5725,5724,5723,5722,5721,
  5720,5719,5718,5717,5716,5715,5714,5713,5712,5711,5710,5709,5708,5707,
  5706,5705,5704,5703,5702,5701,5700
  );
} elsif ($opt_r eq "beam-4") {
  @runList = (
  5699,5698,5697,5696,5695,5694,5693,5692,5691,5690,5689,5688,5687,5686,
  5685,5684,5683,5682,5681,5680,5679,5678,5677,5676,5675,5674,5673,5672,
  5671,5670,5669,5668,5667,5666,5665,5664,5663,5662,5661,5660,5659,5658,
  5652,5651,5650,5649,5648,5647,5646,5645,5644,5643,5642,5641,5640,5639,
  5638,5637,5636,5635,5634,5633,5632,5631,5630,5629,5628,5627,5626,5625,
  5624,5623,5622,5621,5620,5619,5618,5617,5616,5615,5614,5613,5612,5611,
  5610,5609,5608,5607,5606,5605,5604,5603,5602,5601,5600,5599,5598,5597,
  5596,5595,5594,5593,5592,5106,5103,5102
  );
} elsif ($opt_r eq "beam-5") {
  @runList = (
  4900,4899,4898,4897,4896,4895,4894,4893,4892,4891,4890,4889,4888,4887,
  4886,4885,4884,4883,4882,4881,4880,4879,4878,4877,4876,4875,4874,4873,
  4872,4871,4870,4869,4868,4867,4866,4865,4864,4863,4759,4758,4757,4756,
  4755,4749,4748,4747,4746,4745,4744,4743,4742,4740,4739,4731,4729,4728,
  4727,4726,4725,4724,4723,4722,4721,4624,4623,4622,4621,4620,4619,4618,
  4617,4616,4615,4614,4613,4612,4611,4610,4609,4608,4607,4606,4605,4604,
  4603,4602,4601,4600,4599,4598,4597,4596,4595,4594,4593,4592,4591,4590,
  4589,4588,4587,4586,4585,4584,4583,4582,4581,4580,4579,4578,4577,4576,
  4575,4574,4573,4572,4571,4570,4569,4568,4567,4566,4565,4564,4563,4562,
  4561,4560,4559,4558,4557,4555,4554,4553,4552,4551,4550,4549,4548,4547,
  4546,4545,4544,4543,4542,4541,4540,4539,4538,4537,4536,4535,4534,4532,
  4531,4530,4529,4528,4527,4526,4510,4509,4508,4507,4506,4505,4504,4503
  );
} elsif ($opt_r eq "beam-6") {
  @runList = (
  4502,4501,4500,4499,4498,4497,4496,4495,4494,4492,4491,4490,3823,3822,
  3820,3819,3818,3817,3816,3815,3814,3813,3812,3803,3802,3801,3800,3799,
  3798,3797,3796,3795,3794,3658,3657,3656,3655,3654,3653,3652,3651,3650,
  3649,3648,3647,3646,3645,3644,3643,3642,3641,3640,3638,3637,3636,3635,
  3634,3633,3630,3629,3628,3627,3626,3625,3624,3623,3622,3621,3620,3619,
  3618,3606,3604,3603,3602,3587,3586,3585,3584,3583,3582,3581,3578,3577,
  3576,3575,3574,3573,3572,3571,3570,3569,3568,3567,3523,3521,3520,3518,
  3517,3516,3514,3512,3510,3509,3508,3506,3505,3504,3503,3502,3501,3500,
  3499,3498,3497,3496,3495,3494,3493,3492,3491,3490,3489,3488,3487,3486,
  3485,3484,3483,3482,3481,3477,3476,3475,3474,3473,3472,3471,3469,3467
  );
} elsif ($opt_r eq "beam-7") {
  @runList = (
  3465,3463,3461,3424,3419,3417,3416,3412,3411,3410,3409,3408,3407,3404,
  3392,3391,3385,3375,3315,3314,3313,3312,3311,3310,3309,3308,3307,3306,
  3305,3304,3303,3302,3301,3104,3102,3101,3097,3092,3031,3030,3029,3028,
  3027,3025,3024,3023,3017,3015,3014,3013,3012,3011,3010,3009,3008,2653,
  2652,2651,2650,2649,2648,2647,2646,2645,2644,2643,2642,2640,2639,2638,
  2637,2636,2635,2634,2633,2632,2630,2629,2628,2627,2626,2625,2624,2623,
  2622,2621,2177,2137,2136
  );
} 

# -- Create array with all files matching both pattern and run numbers
if ($opt_p ne "") {
  @matching_files = ();

  foreach $run (@runlist) {
      # -- First glob to find files containing the run number
      @files = glob("*${run}*");
      
      # -- Then apply regex pattern matching to filter files
      foreach $file (@files) {
          if ($file =~ /$opt_p/) {
              push(@matching_files, $file);
          }
      }
  }

  # -- Remove duplicates and sort
  @matching_files = sort(keys(%{{map{$_ => 1} @matching_files}}));

  # -- now do command on each file
  foreach $file (@matching_files) {
    $lcmd = "$opt_c";
    # -- replace XXX with the filename
    $lcmd =~ s/XXX/$file/g;
    print "$lcmd\n";
    # -- run command
    if (!$opt_d) {
      system($lcmd);
    }
  }
} else {
  foreach $run (@runlist) {
    $lcmd = "$opt_c";
    $lcmd =~ s/XXX/$run/g;
    print "$lcmd\n";
    if (!$opt_d) {
      system($lcmd);
    }
  }
}
